
FAME_DAYS = {'130','133','136','137','138','147','148','149','150'};

FAME_TDC(1:24,1) =[0.741147; 0.790563; 0.794401667; 0.795153; 0.749189; 0.754137;...
                0.673949333; 0.748108; 0.766167333; 0.660049; 0.690244667; 0.684368;...
                0.640268667; NaN; NaN; NaN; 0.664571; 0.71596; 0.674258 ; 0.6961805;...
                0.783652333; 0.9483845; 1.051594667; 0.810765];


FAME_TDC(1:24,2) =[0.506281; 0.4191085; 0.401285; 0.438904; 0.545208;...
                   0.712107; 0.813036;  0.550308; 0.460777; 0.544745;...
                   0.454304; 0.53016;   0.565843; 0.493766; 0.462347;...
                   0.489097; 0.502416;  0.458856; 0.471104; 0.510563;...
                   0.583390; 0.4341573; 0.347843; 0.386658];
FAME_TDC(1:24,3) =[0.3500975; 0.312330667; 0.3010025; 0.323012667; 0.301835; 0.286373667; 0.2904925; 0.312792;...
        0.408715; 0.299981333; 0.3383335; 0.317988 ; 0.238246; 0.322839333; 0.37736; 0.390713;...
        0.3662965; 0.388343667; 0.360503; 0.344136333; 0.39041; 0.391009667; 0.436371; 0.410290333];
FAME_TDC(1:24,4) = [0.368941; 0.380116; 0.3998965; 0.348593; 0.330243; 0.331764667 ;0.364471; 0.387827333;...
            0.366372; 0.323495; 0.3598115; 0.336927667; 0.3727115; 0.339746; 0.348811667; 0.3601715;...
            0.372721333; 0.411509; 0.538917333; 0.6445265; 0.664439; 0.6438385; 0.748179; 0.7127725];
FAME_TDC(1:24,5) =[0.771551; 0.788869; 0.551384667 ; 0.3910455; 0.388418333; 0.441375; 0.442991; 0.6534485;...
                   0.622683; 0.7239135; 0.702759667 ; 0.6216985; 0.610126667 ; 0.609743; 0.557739 ; 0.5394705;...
                   0.556305667; 0.328302; 0.466321; 0.6293135 ; 0.602287; 0.625527; 0.646221667; 0.584562];
FAME_TDC(1:24,6) = [0.5386355; 0.456923333; 0.5361935; 0.546087667; 0.4560395; 0.500655333; 0.522257; 0.551416; 0.515842;...
                    0.545115333; NaN; 0.5040965; 0.596052; 0.2741505 ;0.430437; 0.253778833; 0.247864;...
                    0.202441; 0.509513;0.5041755; 0.539931333; 0.495264; 0.413963333; 0.4039895];
FAME_TDC(1:24,7) = [0.402901333; 0.3933985; 0.439311667; 0.4463185; 0.421324; 0.4141045 ;0.465586333; 0.511005;0.466685;...
                    0.5266345; 0.500953667; 0.5163765; 0.46452; 0.4487975; NaN; NaN; NaN; NaN; 0.516461;...
                    0.504607; 0.45694; 0.42023; 0.437915; 0.472034667];
               
               
FAME_TDC(1:24,8) =[0.502776; 0.5405346; 0.478232; 0.437006; 0.478254;...
                   0.513567; 0.4785545; 0.473431; 0.514170; 0.545029;...
                   0.512292; 0.4808176; 0.487765; 0.471148; 0.499051;...
                   0.534356; 0.5995755; 0.552790; 0.487815; 0.584571;...
                   0.561855; 0.5902066; 0.565793; 0.627327];

FAME_TDC(1:24,9) =[0.611933; 0.5366456; 0.588705; 0.554123; 0.552973;...
                   0.632173; 0.6788455; 0.544208; 0.587574; 0.555713;...
                   0.573148; NaN;       NaN;      0.582585; 0.575523;...
                   0.584004; 0.5878443; 0.580778; 0.618863; 0.622449;...
                   0.580232; 0.70109;   0.675739; 0.632453];

FAME_TDT(1:24,1) =[114.2876667;	114.306;	114.2166667;	113.974;	113.8383333;	113.6575;	113.756;	113.8715;	113.3633333;...
    112.832;	111.2313333;	110.806;	110.1796667;	NaN;	NaN;	NaN;	109.3545;...
    108.432;	108.1766667;	108.3175;	108.7046667;	109.5545;	110.0816667;	110.285];

           
FAME_TDT(1:24,2) =[108.7; 108.7; 108.8; 108.8; 108.9; 109.9;...
                   110.5; 109.9; 109.5; 109.5; 109.2; 108.9;...
                   108.4; 108.4; 108.5; 109.9; 109.2; 108.1;...
                   107.6; 107.7; 107.5; 108.5; 109.0; 108.8];
FAME_TDT(1:24, 3) = [145.9485; 145.4336667;	145.298;	145.6196667;	145.584;	144.715;	144.41;	144.889;	144.2985;...
    143.1396667;	141.752;	141.7235;	142.855;	127.2683333;	117.8855;	107.3826667;	105.669;...
    105.764;	105.7265;	105.552;	105.383;	105.4736667;	106.2695;	105.894];	
FAME_TDT(1:24,4) = [106.813; 107.0463333;	107.3045;	106.998;	106.8785;	106.757;	106.7485;	107.213;	106.8865;...
    105.1156667;	104.4375;	104.0723333;	103.9495;	104.512;	104.3213333;	104.762;	105.4416667;...
    105.698;	105.0773333;	105.0475;	104.926;	105.912;	106.9016667;	107.11];
FAME_TDT(1:24,5) = [107.272; 107.256;	107.8073333;	107.341;	107.0583333;	106.817;	106.749;	106.2555;	104.543;...
    103.863;	104.296;	104.9385;	105.3696667;	105.6905;	105.4266667;	104.97;	105.24;...
    105.258;	105.206;	105.008;	104.62733;	105.2485;	105.632;	105.861];
FAME_TDT(1:24,6) = [116.0495; 116.80567;	116.443;	115.9626667;	115.6685;	116.0846667;	115.972;	115.5463333;	116.1685;...
    116.69033;	NaN;	115.814;	114.831;	114.828;	114.825;	142.9476667;	147.372;...
    147.391;	106.7;	110.542;	110.936;	111.226;	110.5036667;	110.535];
FAME_TDT(1:24,7) = [110.6143333; 110.417;	110.3183333;	109.6825;	110.332;	110.583;	110.535;	110.061;	110.4113333;...
    110.596;	110.572;	109.9995;	109.8286667;	110.216;	NaN;	NaN;	NaN;	NaN;...
    116.0635;	114.6215;	113.1315;	112.59;	111.601;	111.1036667];

FAME_TDT(1:24,8) =[110.8; 111.0; 110.6; 110.4; 110.5; 110.5;...
                   111.1; 111.2; 110.8; 110.3; 111.4; 113.3;...
                   114.4; 110.6; 110.2; 109.9; 109.6; 109.5;...
                   107.8; 107.3; 107.0; 106.6; 105.1; 104.4];

FAME_TDT(1:24,9) =[104.2; 103.6; 103.2; 103.0; 102.7; 103.0;...
                   102.9; 102.8; 103.1; 103.9; 105.5; NaN;...
                   NaN;   107.0; 111.8; 110.9; 108.8; 107.8;...
                   107.6; 107.3; 107.0; 105.9; 104.5; 103.6];

